9
000000000000000000000000000000000000000000000000000000000000000
000000000000000000000000010000000000000000000000000000000000000
000000000000000000000001010000000000000000000000000000000000000
000000000000011000000110000000000001100000000000000000000000000
000000000000100010000110000000000001100000000000000000000000000
011000000001000001000110000000000000000000000000000000000000000
011000000001000101100001010000000000000000000000000000000000000000110000
000000000001000001000000010000000000000000000000000000000000000000110000
000000000000100010000000000000000000000000000000000000000000000
000000000000011000000000000000000000000000000000000000000000000
000000000000000000000000000000000000000000000000000000000000000
000000000000000000000000000000000000000000000000000000000000000
000000000000000000000000000000000000000000000000000000000000000
000000000000000000000000000000000000000000000000000000000000000
000000000000000000000000000000000000000000000000000000000000000
000000000000000000000000000000000000000000000000000000000000000
000000000000000000000000000000000000000000000000000000000000000001110000
000000000000000000000000000000000000000000000000000000000000000010001000
000000000000000000000000000000000000000000000000000000000000000100000100
000000000000000000000000000000000000000000000000000000000000000100000100
000000000000000000000000000000000000000000000000000000000000000000100000
000000000000000000000000000000000000000000000000000000000000000010001000
000000000000000000000000000000000000000000000000000000000000000001110000
000000000000000000000000000000000000000000000000000000000000000000100000
000000000000000000000000000000000000000000000000000000000000000000000000
000000000000000000000000000000000000000000000000000000000000000000000000
000000000000000000000000000000000000000000000000000000000000000000011100
000000000000000000000000000000000000000000000000000000000000000000011100
000000000000000000000000000000000000000000000000000000000000000000100010
000000000000000000000000000000000000000000000000000000000000000000000000
000000000000000000000000000000000000000000000000000000000000000001100011
000000000000000000000000000000000000000000000000000000000000000
000000000000000000000000000000000000000000000000000000000000000
000000000000000000000000000000000000000000000000000000000000000
000000000000000000000000000000000000000000000000000000000000000
000000000000000000000000000000000000000000000000000000000000000
000000000000000000000000000000000000000000000000000000000000000
000000000000000000000000000000000000000000000000000000000000000
000000000000000000000000000000000000000000000000000000000000000
000000000000000000000000000000000000000000000000000000000000000
000000000000000000000000000000000000000000000000000000000000000000001100
000000000000000000000000000000000000000000000000000000000000000000001100
000000000000000000000000000000000000000000000000000000000000000
