9
000000000000000000000000000000000000000000000000000000000000000
000000000000000000000000010000000000000000000000000000000000000
000000000000000000000001010000000000000000000000000000000000000
000000000000011000000110000000000001100000000000000000000000000
000000000000100010000110000000000001100000000000000000000000000
011000000001000001000110000000000000000000000000000000000000000
01100000000100010110000101000000000000000000000000000000000000000110000
00000000000100000100000001000000000000000000000000000000000000000110000
000000000000100010000000000000000000000000000000000000000000000
000000000000011000000000000000000000000000000000000000000000000
000000000000000000000000000000000000000000000000000000000000000
000000000000000000000000000000000000000000000000000000000000000
000000000000000000000000000000000000000000000000000000000000000
000000000000000000000000000000000000000000000000000000000000000
000000000000000000000000000000000000000000000000000000000000000
000000000000000000000000000000000000000000000000000000000000000
00000000000000000000000000000000000000000000000000000000000000001110000
00000000000000000000000000000000000000000000000000000000000000010001000
00000000000000000000000000000000000000000000000000000000000000100000100
00000000000000000000000000000000000000000000000000000000000000100000100
00000000000000000000000000000000000000000000000000000000000000000100000
00000000000000000000000000000000000000000000000000000000000000010001000
00000000000000000000000000000000000000000000000000000000000000001110000
00000000000000000000000000000000000000000000000000000000000000000100000
00000000000000000000000000000000000000000000000000000000000000000000000
00000000000000000000000000000000000000000000000000000000000000000000000
00000000000000000000000000000000000000000000000000000000000000000011100
00000000000000000000000000000000000000000000000000000000000000000011100
00000000000000000000000000000000000000000000000000000000000000000100010
00000000000000000000000000000000000000000000000000000000000000000000000
00000000000000000000000000000000000000000000000000000000000000001100011
000000000000000000000000000000000000000000000000000000000000000
000000000000000000000000000000000000000000000000000000000000000
000000000000000000000000000000000000000000000000000000000000000
000000000000000000000000000000000000000000000000000000000000000
000000000000000000000000000000000000000000000000000000000000000
000000000000000000000000000000000000000000000000000000000000000
000000000000000000000000000000000000000000000000000000000000000
000000000000000000000000000000000000000000000000000000000000000
000000000000000000000000000000000000000000000000000000000000000
00000000000000000000000000000000000000000000000000000000000000000001100
00000000000000000000000000000000000000000000000000000000000000000001100
000000000000000000000000000000000000000000000000000000000000000
